lastAccountName: meneerkiwi
timestamps:
  login: 1604839260342
  logout: 1604839300590
ipAddress: 127.0.0.1
logoutlocation:
  world: TerraPreGenerated
  x: 5.298056706319849
  y: 4.0
  z: -4.297332125890493
  yaw: 33.429245
  pitch: 13.219274
